0.015635251998901367
0.013915061950683594
0.015254974365234375
0.014928102493286133
0.015704870223999023
0.013434886932373047
0.02222299575805664
0.014306306838989258
0.014578819274902344
0.01459646224975586
0.015371084213256836
0.015173673629760742
0.016459941864013672
0.015433073043823242
0.014763116836547852
0.013375282287597656
0.014928579330444336
0.013506412506103516
0.015527486801147461
0.013959646224975586
0.01348876953125
0.013453483581542969
0.01650381088256836
0.014632701873779297
0.016275405883789062
0.013256072998046875
0.014402389526367188
0.013094663619995117
0.015811443328857422
0.015145301818847656
0.016602277755737305
0.013668537139892578
0.01873302459716797
0.013228416442871094
0.015248775482177734
0.014138221740722656
0.014967203140258789
0.01437687873840332
0.015804529190063477
0.014429330825805664
Latency: 0.014888286590576172
Latency: 0.013942956924438477
Latency: 0.013998031616210938
Latency: 0.013524532318115234
Latency: 0.015894412994384766
Latency: 0.01349020004272461
Latency: 0.014653682708740234
Latency: 0.013936996459960938
Latency: 0.014177799224853516
Latency: 0.013278007507324219
0.014911174774169922
0.015589237213134766
0.01697707176208496
0.014400482177734375
0.016132593154907227
0.014455556869506836
0.016924381256103516
0.01459813117980957
0.03654789924621582
0.027450084686279297
